           -4         -663        -3880
         -3.5         -582        -3400
           -3         -498        -2920
         -2.5         -416        -2440
           -2         -333        -1950
         -1.5         -250        -1467
           -1         -168         -982
         -0.5          -86         -497
            0           -2          -13
         0.25           41          226
          0.5           83          473
         0.75          125          722
            1          166          963
         1.25          207         1204
          1.5          248         1445
         1.75          289         1690
            2          330         1933
         2.25          373         2170
          2.5          416         2420
         2.75          455         2660
            3          495         2900
         3.25          537         3150
          3.5          580         3370
         3.75          619         3610
            4          660         3860
         4.25          701         4080